100
-671
-773
698
-69
-673
-239
-602
883
28
-155
251
869
787
68
-244
259
693
-565
832
684
-675
329
629
-861
789
493
-472
-920
-444
432
-253
-768
-895
-427
-947
-174
-318
204
-842
986
-788
353
172
-843
854
-288
17
405
-57
-663
373
40
944
-316
-899
110
-230
-847
213
303
-218
-779
607
240
-866
-26
-652
-715
-752
174
772
-627
346
-834
580
-785
-624
598
477
818
-409
-682
-234
-417
-290
-293
-554
-622
-104
84
-821
-890
-810
-677
923
-749
808
-343
645
226
54
-681
362
-303
997
982
-69
737
-556
522
-35
-844
212
-884
-474
789
-7
-953
533
11
284
-860
699
679
168
786
-122
-164
147
-192
-22
725
-462
-712
372
403
833
52
-792
-406
627
41
113
-802
310
-330
-731
-446
498
-530
397
-266
-874
412
-459
-547
133
431
-854
-356
-202
502
696
299
-287
614
-446
365
-331
-419
293
954
687
985
-549
258
138
216
93
-59
507
10
-261
236
-347
-178
-769
-97
155
175
866
-982
690
-888
-906
-28
-744
-562
-827
-573